0.3023255813953488 0.3488372093023256 0.46511627906976744 0.27906976744186046 0.3488372093023256 0.3488372093023256 0.3953488372093023 0.3953488372093023 0.4883720930232558 0.3488372093023256
0 0 0 0 0 0 0 0 0 0
0 0 0 0 0 0 0 0 0 0
0 0 0 0 0 0 0 0 0 0
0 0 0 0 0 0 0 0 0 0
0 0 0 0 0 0 0 0 0 0
0 0 0 0 0 0 0 0 0 0
0 0 0 0 0 0 0 0 0 0
0 0 0 0 0 0 0 0 0 0
0 0 0 0 0 0 0 0 0 0

0.5483870967741935 0.3870967741935484 0.2903225806451613 0.2903225806451613 0.25806451612903225 0.22580645161290322 0.3870967741935484 0.3870967741935484 0.3548387096774194 0.25806451612903225
0 0 0 0 0 0 0 0 0 0
0 0 0 0 0 0 0 0 0 0
0 0 0 0 0 0 0 0 0 0
0 0 0 0 0 0 0 0 0 0
0 0 0 0 0 0 0 0 0 0
0 0 0 0 0 0 0 0 0 0
0 0 0 0 0 0 0 0 0 0
0 0 0 0 0 0 0 0 0 0
0 0 0 0 0 0 0 0 0 0

0.5588235294117647 0.3235294117647059 0.4411764705882353 0.4117647058823529 0.29411764705882354 0.47058823529411764 0.35294117647058826 0.5588235294117647 0.2647058823529412 0.17647058823529413
0 0 0 0 0 0 0 0 0 0
0 0 0 0 0 0 0 0 0 0
0 0 0 0 0 0 0 0 0 0
0 0 0 0 0 0 0 0 0 0
0 0 0 0 0 0 0 0 0 0
0 0 0 0 0 0 0 0 0 0
0 0 0 0 0 0 0 0 0 0
0 0 0 0 0 0 0 0 0 0
0 0 0 0 0 0 0 0 0 0

0.5111111111111111 0.6222222222222222 0.6 0.6222222222222222 0.5555555555555556 0.4888888888888889 0.5555555555555556 0.6444444444444445 0.6888888888888889 0.5555555555555556
0 0 0 0 0 0 0 0 0 0
0 0 0 0 0 0 0 0 0 0
0 0 0 0 0 0 0 0 0 0
0 0 0 0 0 0 0 0 0 0
0 0 0 0 0 0 0 0 0 0
0 0 0 0 0 0 0 0 0 0
0 0 0 0 0 0 0 0 0 0
0 0 0 0 0 0 0 0 0 0
0 0 0 0 0 0 0 0 0 0

0.10638297872340426 0.06382978723404255 0.14893617021276595 0.0851063829787234 0.0851063829787234 0.10638297872340426 0.1702127659574468 0.0851063829787234 0.1702127659574468 0.10638297872340426
0 0 0 0 0 0 0 0 0 0
0 0 0 0 0 0 0 0 0 0
0 0 0 0 0 0 0 0 0 0
0 0 0 0 0 0 0 0 0 0
0 0 0 0 0 0 0 0 0 0
0 0 0 0 0 0 0 0 0 0
0 0 0 0 0 0 0 0 0 0
0 0 0 0 0 0 0 0 0 0
0 0 0 0 0 0 0 0 0 0