0.5813953488372093 0.4186046511627907 0.4883720930232558 0.4418604651162791 0.46511627906976744 0.4186046511627907 0.4186046511627907 0.4883720930232558 0.5813953488372093 0.5581395348837209
0.4883720930232558 0.3953488372093023 0.4883720930232558 0.46511627906976744 0.32558139534883723 0.18604651162790697 0.3023255813953488 0.3953488372093023 0.3488372093023256 0.23255813953488372
0.3023255813953488 0.16279069767441862 0.3488372093023256 0.3488372093023256 0.27906976744186046 0.27906976744186046 0.16279069767441862 0.4418604651162791 0.4186046511627907 0.20930232558139536
0.6976744186046512 0.7906976744186046 0.6511627906976745 0.6744186046511628 0.627906976744186 0.6744186046511628 0.6744186046511628 0.627906976744186 0.7209302325581395 0.6511627906976745
0.09302325581395349 0.4883720930232558 0.23255813953488372 0.27906976744186046 0.2558139534883721 0.3023255813953488 0.11627906976744186 0.32558139534883723 0.3023255813953488 0.3488372093023256
0.5116279069767442 0.6744186046511628 0.5348837209302325 0.5813953488372093 0.627906976744186 0.18604651162790697 0.5581395348837209 0.4186046511627907 0.4418604651162791 0.46511627906976744
0.46511627906976744 0.4186046511627907 0.4186046511627907 0.5581395348837209 0.5581395348837209 0.4418604651162791 0.4883720930232558 0.6046511627906976 0.6046511627906976 0.37209302325581395
0.5348837209302325 0.5116279069767442 0.20930232558139536 0.37209302325581395 0.2558139534883721 0.16279069767441862 0.5348837209302325 0.5116279069767442 0.20930232558139536 0.37209302325581395

0.5483870967741935 0.41935483870967744 0.5161290322580645 0.4838709677419355 0.45161290322580644 0.25806451612903225 0.1935483870967742 0.5483870967741935 0.4838709677419355 0.3225806451612903
0.6774193548387096 0.5161290322580645 0.4838709677419355 0.1935483870967742 0.3870967741935484 0.3548387096774194 0.25806451612903225 0.5806451612903226 0.41935483870967744 0.2903225806451613
0.22580645161290322 0.2903225806451613 0.45161290322580644 0.3225806451612903 0.3225806451612903 0.3225806451612903 0.16129032258064516 0.4838709677419355 0.3548387096774194 0.2903225806451613
0.6774193548387096 0.7096774193548387 0.6774193548387096 0.5806451612903226 0.5806451612903226 0.6774193548387096 0.7096774193548387 0.7419354838709677 0.6774193548387096 0.4838709677419355
0.2903225806451613 0.45161290322580644 0.25806451612903225 0.3548387096774194 0.3548387096774194 0.41935483870967744 0.3225806451612903 0.4838709677419355 0.41935483870967744 0.3225806451612903
0.6129032258064516 0.5161290322580645 0.6774193548387096 0.6774193548387096 0.4838709677419355 0.5161290322580645 0.5483870967741935 0.5483870967741935 0.5483870967741935 0.41935483870967744
0.5483870967741935 0.3225806451612903 0.45161290322580644 0.45161290322580644 0.25806451612903225 0.1935483870967742 0.4838709677419355 0.2903225806451613 0.22580645161290322 0.12903225806451613
0.3870967741935484 0.4838709677419355 0.5483870967741935 0.5806451612903226 0.3225806451612903 0.3225806451612903 0.3870967741935484 0.4838709677419355 0.5483870967741935 0.5806451612903226

0.7352941176470589 0.6764705882352942 0.7352941176470589 0.7352941176470589 0.7352941176470589 0.7058823529411765 0.7941176470588235 0.6764705882352942 0.6764705882352942 0.8823529411764706
0.38235294117647056 0.7352941176470589 0.7941176470588235 0.11764705882352941 0.6470588235294118 0.5882352941176471 0.3235294117647059 0.7058823529411765 0.6470588235294118 0.38235294117647056
0.29411764705882354 0.35294117647058826 0.29411764705882354 0.3235294117647059 0.23529411764705882 0.14705882352941177 0.6176470588235294 0.35294117647058826 0.4117647058823529 0.2647058823529412
0.7352941176470589 0.7647058823529411 0.8235294117647058 0.8235294117647058 0.6764705882352942 0.7647058823529411 0.8529411764705882 0.7058823529411765 0.6470588235294118 0.7647058823529411
0.3235294117647059 0.5588235294117647 0.7941176470588235 0.5588235294117647 0.6764705882352942 0.7647058823529411 0.8235294117647058 0.6764705882352942 0.17647058823529413 0.20588235294117646
0.7352941176470589 0.7352941176470589 0.7352941176470589 0.6470588235294118 0.6470588235294118 0.6764705882352942 0.6176470588235294 0.6764705882352942 0.7941176470588235 0.8235294117647058
0.5882352941176471 0.4411764705882353 0.20588235294117646 0.47058823529411764 0.47058823529411764 0.5882352941176471 0.5588235294117647 0.23529411764705882 0.6176470588235294 0.20588235294117646
0.5588235294117647 0.2647058823529412 0.5588235294117647 0.5588235294117647 0.5882352941176471 0.29411764705882354 0.5588235294117647 0.23529411764705882 0.6176470588235294 0.20588235294117646

0.6222222222222222 0.7333333333333333 0.7777777777777778 0.6222222222222222 0.6222222222222222 0.6 0.7111111111111111 0.6888888888888889 0.6444444444444445 0.7111111111111111
0.6888888888888889 0.6444444444444445 0.6444444444444445 0.4222222222222222 0.6666666666666666 0.5777777777777777 0.5777777777777777 0.6 0.7777777777777778 0.5111111111111111
0.6888888888888889 0.4222222222222222 0.6222222222222222 0.2222222222222222 0.5333333333333333 0.4 0.5777777777777777 0.6222222222222222 0.6666666666666666 0.3111111111111111
0.7777777777777778 0.7555555555555555 0.8 0.7111111111111111 0.7555555555555555 0.6666666666666666 0.6888888888888889 0.6666666666666666 0.7333333333333333 0.6
0.3111111111111111 0.5333333333333333 0.6666666666666666 0.6222222222222222 0.5111111111111111 0.4666666666666667 0.35555555555555557 0.6666666666666666 0.5111111111111111 0.6
0.6888888888888889 0.6 0.7111111111111111 0.7555555555555555 0.7111111111111111 0.7111111111111111 0.7777777777777778 0.7555555555555555 0.7111111111111111 0.6444444444444445
0.4666666666666667 0.28888888888888886 0.5777777777777777 0.6888888888888889 0.6222222222222222 0.5333333333333333 0.5777777777777777 0.7333333333333333 0.5111111111111111 0.17777777777777778
0.7111111111111111 0.5777777777777777 0.5555555555555556 0.3333333333333333 0.4444444444444444 0.4888888888888889 0.5777777777777777 0.7333333333333333 0.5111111111111111 0.17777777777777778

0.2765957446808511 0.3404255319148936 0.2553191489361702 0.2553191489361702 0.3191489361702128 0.1702127659574468 0.2765957446808511 0.23404255319148937 0.2553191489361702 0.19148936170212766
0.2553191489361702 0.10638297872340426 0.10638297872340426 0.06382978723404255 0.02127659574468085 0.10638297872340426 0.0425531914893617 0.06382978723404255 0.10638297872340426 0.0851063829787234
0.1276595744680851 0.0851063829787234 0.0851063829787234 0.06382978723404255 0.06382978723404255 0.0851063829787234 0.0425531914893617 0.1276595744680851 0.02127659574468085 0.02127659574468085
0.3191489361702128 0.23404255319148937 0.23404255319148937 0.0425531914893617 0.23404255319148937 0.2127659574468085 0.02127659574468085 0.425531914893617 0.14893617021276595 0.06382978723404255
0.1276595744680851 0.0425531914893617 0.06382978723404255 0.06382978723404255 0.2127659574468085 0.02127659574468085 0.06382978723404255 0.0425531914893617 0.10638297872340426 0.06382978723404255
0.19148936170212766 0.1702127659574468 0.2127659574468085 0.10638297872340426 0.19148936170212766 0.0851063829787234 0.1702127659574468 0.1276595744680851 0.1276595744680851 0.10638297872340426
0.0425531914893617 0.0851063829787234 0.0851063829787234 0.06382978723404255 0.0851063829787234 0.1702127659574468 0.0851063829787234 0.10638297872340426 0.1276595744680851 0.0851063829787234
0.0851063829787234 0.23404255319148937 0.10638297872340426 0.0851063829787234 0.06382978723404255 0.1702127659574468 0.0851063829787234 0.10638297872340426 0.1276595744680851 0.0851063829787234

