0.3023255813953488 0.3488372093023256 0.46511627906976744 0.27906976744186046 0.3488372093023256 0.3488372093023256 0.3953488372093023 0.3953488372093023 0.4883720930232558 0.3488372093023256
0.3023255813953488 0.2558139534883721 0.23255813953488372 0.16279069767441862 0.16279069767441862 0.13953488372093023 0.18604651162790697 0.16279069767441862 0.20930232558139536 0.09302325581395349
0.13953488372093023 0.11627906976744186 0.20930232558139536 0.18604651162790697 0.20930232558139536 0.20930232558139536 0.023255813953488372 0.11627906976744186 0.046511627906976744 0.11627906976744186
0.5581395348837209 0.6046511627906976 0.6744186046511628 0.5348837209302325 0.4186046511627907 0.4883720930232558 0.5348837209302325 0.5813953488372093 0.5813953488372093 0.5348837209302325
0.11627906976744186 0.18604651162790697 0.09302325581395349 0.20930232558139536 0.27906976744186046 0.18604651162790697 0.37209302325581395 0.18604651162790697 0.11627906976744186 0.16279069767441862
0.4418604651162791 0.3023255813953488 0.3488372093023256 0.3488372093023256 0.23255813953488372 0.20930232558139536 0.3488372093023256 0.23255813953488372 0.16279069767441862 0.27906976744186046
0.18604651162790697 0.16279069767441862 0.16279069767441862 0.27906976744186046 0.3488372093023256 0.27906976744186046 0.23255813953488372 0.3488372093023256 0.3023255813953488 0.2558139534883721
0.4418604651162791 0.16279069767441862 0.32558139534883723 0.16279069767441862 0.18604651162790697 0.16279069767441862 0.3023255813953488 0.13953488372093023 0.20930232558139536 0.11627906976744186
0.13953488372093023 0.09302325581395349 0.06976744186046512 0.13953488372093023 0.16279069767441862 0.023255813953488372 0.09302325581395349 0.13953488372093023 0.0 0.09302325581395349
0.4186046511627907 0.3953488372093023 0.46511627906976744 0.3023255813953488 0.4418604651162791 0.4418604651162791 0.16279069767441862 0.4418604651162791 0.3488372093023256 0.5116279069767442

0.5483870967741935 0.3870967741935484 0.2903225806451613 0.2903225806451613 0.25806451612903225 0.22580645161290322 0.3870967741935484 0.3870967741935484 0.3548387096774194 0.25806451612903225
0.3548387096774194 0.5161290322580645 0.3548387096774194 0.25806451612903225 0.12903225806451613 0.3225806451612903 0.1935483870967742 0.45161290322580644 0.22580645161290322 0.16129032258064516
0.41935483870967744 0.1935483870967742 0.45161290322580644 0.1935483870967742 0.22580645161290322 0.3225806451612903 0.12903225806451613 0.3870967741935484 0.25806451612903225 0.3548387096774194
0.5161290322580645 0.6129032258064516 0.41935483870967744 0.6451612903225806 0.45161290322580644 0.4838709677419355 0.45161290322580644 0.6129032258064516 0.45161290322580644 0.41935483870967744
0.3225806451612903 0.25806451612903225 0.25806451612903225 0.25806451612903225 0.2903225806451613 0.0967741935483871 0.3225806451612903 0.3870967741935484 0.2903225806451613 0.2903225806451613
0.45161290322580644 0.41935483870967744 0.41935483870967744 0.5483870967741935 0.45161290322580644 0.3870967741935484 0.45161290322580644 0.3225806451612903 0.25806451612903225 0.3225806451612903
0.16129032258064516 0.22580645161290322 0.25806451612903225 0.25806451612903225 0.22580645161290322 0.16129032258064516 0.16129032258064516 0.3225806451612903 0.3225806451612903 0.1935483870967742
0.4838709677419355 0.41935483870967744 0.3225806451612903 0.25806451612903225 0.0967741935483871 0.2903225806451613 0.16129032258064516 0.3548387096774194 0.12903225806451613 0.12903225806451613
0.12903225806451613 0.12903225806451613 0.3870967741935484 0.22580645161290322 0.1935483870967742 0.25806451612903225 0.0967741935483871 0.16129032258064516 0.25806451612903225 0.1935483870967742
0.5483870967741935 0.45161290322580644 0.3870967741935484 0.6451612903225806 0.25806451612903225 0.1935483870967742 0.22580645161290322 0.2903225806451613 0.0967741935483871 0.25806451612903225

0.5588235294117647 0.3235294117647059 0.4411764705882353 0.4117647058823529 0.29411764705882354 0.47058823529411764 0.35294117647058826 0.5588235294117647 0.2647058823529412 0.17647058823529413
0.3235294117647059 0.20588235294117646 0.3235294117647059 0.08823529411764706 0.11764705882352941 0.17647058823529413 0.11764705882352941 0.2647058823529412 0.35294117647058826 0.058823529411764705
0.058823529411764705 0.3235294117647059 0.0 0.23529411764705882 0.3235294117647059 0.2647058823529412 0.0 0.29411764705882354 0.058823529411764705 0.08823529411764706
0.6764705882352942 0.5882352941176471 0.5588235294117647 0.6764705882352942 0.38235294117647056 0.5294117647058824 0.4117647058823529 0.7058823529411765 0.6176470588235294 0.5
0.23529411764705882 0.17647058823529413 0.14705882352941177 0.29411764705882354 0.08823529411764706 0.029411764705882353 0.11764705882352941 0.3235294117647059 0.38235294117647056 0.029411764705882353
0.38235294117647056 0.5588235294117647 0.4411764705882353 0.4411764705882353 0.3235294117647059 0.2647058823529412 0.38235294117647056 0.6176470588235294 0.29411764705882354 0.17647058823529413
0.058823529411764705 0.17647058823529413 0.08823529411764706 0.2647058823529412 0.0 0.11764705882352941 0.11764705882352941 0.058823529411764705 0.35294117647058826 0.20588235294117646
0.29411764705882354 0.3235294117647059 0.35294117647058826 0.058823529411764705 0.029411764705882353 0.029411764705882353 0.2647058823529412 0.14705882352941177 0.29411764705882354 0.058823529411764705
0.0 0.17647058823529413 0.029411764705882353 0.2647058823529412 0.17647058823529413 0.058823529411764705 0.11764705882352941 0.3235294117647059 0.0 0.0
0.20588235294117646 0.23529411764705882 0.5294117647058824 0.23529411764705882 0.029411764705882353 0.08823529411764706 0.2647058823529412 0.2647058823529412 0.11764705882352941 0.08823529411764706

0.5111111111111111 0.6222222222222222 0.6 0.6222222222222222 0.5555555555555556 0.4888888888888889 0.5555555555555556 0.6444444444444445 0.6888888888888889 0.5555555555555556
0.6444444444444445 0.6444444444444445 0.5333333333333333 0.4888888888888889 0.6 0.4666666666666667 0.4444444444444444 0.5555555555555556 0.37777777777777777 0.4888888888888889
0.35555555555555557 0.35555555555555557 0.4 0.5333333333333333 0.1111111111111111 0.2222222222222222 0.17777777777777778 0.6444444444444445 0.3333333333333333 0.17777777777777778
0.6666666666666666 0.7111111111111111 0.6888888888888889 0.6888888888888889 0.5555555555555556 0.4888888888888889 0.5555555555555556 0.6888888888888889 0.6666666666666666 0.6444444444444445
0.17777777777777778 0.37777777777777777 0.15555555555555556 0.17777777777777778 0.4222222222222222 0.28888888888888886 0.6 0.4888888888888889 0.15555555555555556 0.2222222222222222
0.6444444444444445 0.6666666666666666 0.6222222222222222 0.5777777777777777 0.5333333333333333 0.7333333333333333 0.6 0.7555555555555555 0.6444444444444445 0.4222222222222222
0.28888888888888886 0.3111111111111111 0.28888888888888886 0.4222222222222222 0.28888888888888886 0.28888888888888886 0.35555555555555557 0.3333333333333333 0.2222222222222222 0.4222222222222222
0.35555555555555557 0.4666666666666667 0.5555555555555556 0.26666666666666666 0.4888888888888889 0.1111111111111111 0.26666666666666666 0.4 0.35555555555555557 0.17777777777777778
0.26666666666666666 0.26666666666666666 0.26666666666666666 0.08888888888888889 0.08888888888888889 0.3333333333333333 0.2222222222222222 0.3333333333333333 0.24444444444444444 0.24444444444444444
0.5555555555555556 0.6222222222222222 0.6222222222222222 0.4888888888888889 0.5333333333333333 0.26666666666666666 0.4666666666666667 0.4 0.6222222222222222 0.5111111111111111

0.10638297872340426 0.06382978723404255 0.14893617021276595 0.0851063829787234 0.0851063829787234 0.10638297872340426 0.1702127659574468 0.0851063829787234 0.1702127659574468 0.10638297872340426
0.06382978723404255 0.1276595744680851 0.0851063829787234 0.10638297872340426 0.0425531914893617 0.02127659574468085 0.10638297872340426 0.0851063829787234 0.02127659574468085 0.0425531914893617
0.10638297872340426 0.06382978723404255 0.0425531914893617 0.0425531914893617 0.0425531914893617 0.0425531914893617 0.06382978723404255 0.0425531914893617 0.0425531914893617 0.02127659574468085
0.1276595744680851 0.14893617021276595 0.1702127659574468 0.02127659574468085 0.10638297872340426 0.02127659574468085 0.14893617021276595 0.02127659574468085 0.0851063829787234 0.0851063829787234
0.0851063829787234 0.02127659574468085 0.02127659574468085 0.0851063829787234 0.06382978723404255 0.0425531914893617 0.02127659574468085 0.0425531914893617 0.02127659574468085 0.02127659574468085
0.0851063829787234 0.0851063829787234 0.0851063829787234 0.0425531914893617 0.1276595744680851 0.0425531914893617 0.0851063829787234 0.1276595744680851 0.1276595744680851 0.02127659574468085
0.02127659574468085 0.02127659574468085 0.06382978723404255 0.06382978723404255 0.02127659574468085 0.0425531914893617 0.0425531914893617 0.02127659574468085 0.06382978723404255 0.02127659574468085
0.10638297872340426 0.06382978723404255 0.0851063829787234 0.0425531914893617 0.02127659574468085 0.0425531914893617 0.0425531914893617 0.0851063829787234 0.0851063829787234 0.0425531914893617
0.06382978723404255 0.06382978723404255 0.0425531914893617 0.06382978723404255 0.02127659574468085 0.0425531914893617 0.0425531914893617 0.02127659574468085 0.06382978723404255 0.06382978723404255
0.10638297872340426 0.10638297872340426 0.10638297872340426 0.06382978723404255 0.0425531914893617 0.06382978723404255 0.10638297872340426 0.0851063829787234 0.14893617021276595 0.10638297872340426