0.6511627906976745 0.4883720930232558 0.32558139534883723 0.5116279069767442 0.6511627906976745 0.7209302325581395 0.5581395348837209 0 0 0
0.27906976744186046 0.7674418604651163 0.3488372093023256 0.4418604651162791 0.2558139534883721 0.627906976744186 0.4418604651162791 0 0 0
0.6744186046511628 0.5116279069767442 0.5813953488372093 0.7209302325581395 0.627906976744186 0.7209302325581395 0.5581395348837209 0 0 0
0.5116279069767442 0.5116279069767442 0.5348837209302325 0.4418604651162791 0.5813953488372093 0.6744186046511628 0.5581395348837209 0 0 0
0.5348837209302325 0.5348837209302325 0.27906976744186046 0.5116279069767442 0.6046511627906976 0.6976744186046512 0.5581395348837209 0 0 0
0.6976744186046512 0.4418604651162791 0.3488372093023256 0.6046511627906976 0.4883720930232558 0.6976744186046512 0.6511627906976745 0 0 0
0.20930232558139536 0.4883720930232558 0.23255813953488372 0.32558139534883723 0.46511627906976744 0.6976744186046512 0.6511627906976745 0 0 0
0.5813953488372093 0.7209302325581395 0.3488372093023256 0.6046511627906976 0.4883720930232558 0.6976744186046512 0.6511627906976745 0 0 0

0.8064516129032258 0.6451612903225806 0.45161290322580644 0.3548387096774194 0.6451612903225806 0.4838709677419355 0.6451612903225806 0 0 0
0.5806451612903226 0.7096774193548387 0.41935483870967744 0.5161290322580645 0.41935483870967744 0.5161290322580645 0.6451612903225806 0 0 0
0.7419354838709677 0.6451612903225806 0.7741935483870968 0.8387096774193549 0.6451612903225806 0.7741935483870968 0.6774193548387096 0 0 0
0.7741935483870968 0.5806451612903226 0.5806451612903226 0.7741935483870968 0.6774193548387096 0.7096774193548387 0.7419354838709677 0 0 0
0.7419354838709677 0.6774193548387096 0.7096774193548387 0.5161290322580645 0.7419354838709677 0.45161290322580644 0.7096774193548387 0 0 0
0.5483870967741935 0.5161290322580645 0.6129032258064516 0.7419354838709677 0.5483870967741935 0.8064516129032258 0.6774193548387096 0 0 0
0.41935483870967744 0.7096774193548387 0.45161290322580644 0.6451612903225806 0.7096774193548387 0.3548387096774194 0.8064516129032258 0 0 0
0.6451612903225806 0.5806451612903226 0.45161290322580644 0.6451612903225806 0.7096774193548387 0.3548387096774194 0.8064516129032258 0 0 0

1.0 0.8529411764705882 0.6176470588235294 0.7941176470588235 0.9411764705882353 0.8823529411764706 0.7058823529411765 0 0 0
0.6176470588235294 0.7941176470588235 0.4411764705882353 0.6176470588235294 0.35294117647058826 0.47058823529411764 0.7647058823529411 0 0 0
0.8235294117647058 0.7941176470588235 0.8823529411764706 0.9411764705882353 0.9411764705882353 0.8823529411764706 0.7352941176470589 0 0 0
0.7941176470588235 0.6470588235294118 0.8823529411764706 0.8529411764705882 0.9117647058823529 0.8823529411764706 0.8823529411764706 0 0 0
0.8235294117647058 0.6176470588235294 0.5294117647058824 0.6176470588235294 0.8235294117647058 0.6764705882352942 0.6470588235294118 0 0 0
0.8529411764705882 0.9117647058823529 0.8823529411764706 0.8529411764705882 0.7941176470588235 0.8823529411764706 0.8529411764705882 0 0 0
0.4411764705882353 0.7058823529411765 0.5882352941176471 0.8235294117647058 0.7941176470588235 0.7647058823529411 0.8823529411764706 0 0 0
0.7352941176470589 0.8529411764705882 0.5882352941176471 0.8235294117647058 0.7941176470588235 0.7647058823529411 0.8823529411764706 0 0 0

0.7333333333333333 0.7555555555555555 0.6444444444444445 0.6666666666666666 0.5555555555555556 0.8444444444444444 0.7333333333333333 0 0 0
0.6444444444444445 0.6444444444444445 0.5777777777777777 0.6 0.6888888888888889 0.6222222222222222 0.7111111111111111 0 0 0
0.6222222222222222 0.7111111111111111 0.6888888888888889 0.7555555555555555 0.7333333333333333 0.7111111111111111 0.7555555555555555 0 0 0
0.7111111111111111 0.6 0.6666666666666666 0.7777777777777778 0.7555555555555555 0.7777777777777778 0.7555555555555555 0 0 0
0.6 0.6 0.7333333333333333 0.7111111111111111 0.7777777777777778 0.7333333333333333 0.6 0 0 0
0.7777777777777778 0.6444444444444445 0.6888888888888889 0.7333333333333333 0.6666666666666666 0.7333333333333333 0.7555555555555555 0 0 0
0.7111111111111111 0.7555555555555555 0.5777777777777777 0.6 0.5333333333333333 0.6666666666666666 0.7555555555555555 0 0 0
0.6888888888888889 0.7777777777777778 0.5777777777777777 0.6 0.5333333333333333 0.6666666666666666 0.7555555555555555 0 0 0

0.44680851063829785 0.10638297872340426 0.1702127659574468 0.14893617021276595 0.2553191489361702 0.40425531914893614 0.0851063829787234 0 0 0
0.14893617021276595 0.723404255319149 0.02127659574468085 0.14893617021276595 0.06382978723404255 0.10638297872340426 0.3191489361702128 0 0 0
0.1702127659574468 0.10638297872340426 0.7021276595744681 0.1702127659574468 0.3829787234042553 0.46808510638297873 0.2553191489361702 0 0 0
0.40425531914893614 0.3191489361702128 0.19148936170212766 0.7872340425531915 0.3404255319148936 0.2765957446808511 0.23404255319148937 0 0 0
0.2553191489361702 0.14893617021276595 0.14893617021276595 0.40425531914893614 0.2765957446808511 0.2127659574468085 0.19148936170212766 0 0 0
0.3404255319148936 0.46808510638297873 0.3191489361702128 0.5957446808510638 0.2553191489361702 0.574468085106383 0.2978723404255319 0 0 0
0.3191489361702128 0.3829787234042553 0.40425531914893614 0.1702127659574468 0.48936170212765956 0.2765957446808511 0.5106382978723404 0 0 0
0.1702127659574468 0.40425531914893614 0.1702127659574468 0.48936170212765956 0.2765957446808511 0.5106382978723404 0.574468085106383 0 0 0

