0.8837209302325582 0.5813953488372093 0.5348837209302325 0.6046511627906976 0.37209302325581395 0 0 0 0 0
0.6744186046511628 0.6511627906976745 0.5813953488372093 0.46511627906976744 0.5581395348837209 0 0 0 0 0
0.5348837209302325 0.4186046511627907 0.6511627906976745 0.5813953488372093 0.7441860465116279 0 0 0 0 0
0.4883720930232558 0.6744186046511628 0.7209302325581395 0.7441860465116279 0.7441860465116279 0 0 0 0 0
0.2558139534883721 0.3953488372093023 0.5116279069767442 0.37209302325581395 0.5813953488372093 0 0 0 0 0
0.4186046511627907 0.5581395348837209 0.6046511627906976 0.3488372093023256 0.5581395348837209 0 0 0 0 0
0.5581395348837209 0.3488372093023256 0.6511627906976745 0.6511627906976745 0.6976744186046512 0 0 0 0 0
0.5348837209302325 0.5581395348837209 0.627906976744186 0.627906976744186 0.5116279069767442 0 0 0 0 0
0.3953488372093023 0.4883720930232558 0.6976744186046512 0.6976744186046512 0.5116279069767442 0 0 0 0 0
0.37209302325581395 0.5581395348837209 0.5581395348837209 0.6976744186046512 0.7209302325581395 0 0 0 0 0

0.8387096774193549 0.41935483870967744 0.5806451612903226 0.5483870967741935 0.6774193548387096 0 0 0 0 0
0.5806451612903226 0.8064516129032258 0.6774193548387096 0.5806451612903226 0.6774193548387096 0 0 0 0 0
0.7096774193548387 0.5806451612903226 0.7419354838709677 0.6774193548387096 0.7741935483870968 0 0 0 0 0
0.6451612903225806 0.6129032258064516 0.7741935483870968 0.7741935483870968 0.7096774193548387 0 0 0 0 0
0.3548387096774194 0.5806451612903226 0.6451612903225806 0.5483870967741935 0.7096774193548387 0 0 0 0 0
0.3870967741935484 0.5806451612903226 0.6774193548387096 0.5806451612903226 0.6774193548387096 0 0 0 0 0
0.5161290322580645 0.4838709677419355 0.6451612903225806 0.5806451612903226 0.7741935483870968 0 0 0 0 0
0.7096774193548387 0.3870967741935484 0.6451612903225806 0.6129032258064516 0.7096774193548387 0 0 0 0 0
0.4838709677419355 0.6451612903225806 0.6451612903225806 0.7419354838709677 0.6451612903225806 0 0 0 0 0
0.5806451612903226 0.7419354838709677 0.7419354838709677 0.7741935483870968 0.7096774193548387 0 0 0 0 0

0.9411764705882353 0.8529411764705882 0.9117647058823529 0.8529411764705882 0.8529411764705882 0 0 0 0 0
0.7647058823529411 0.9117647058823529 0.9705882352941176 0.7352941176470589 0.8529411764705882 0 0 0 0 0
0.8823529411764706 0.8529411764705882 0.9117647058823529 0.7647058823529411 0.8235294117647058 0 0 0 0 0
0.5882352941176471 0.7647058823529411 0.7941176470588235 0.8823529411764706 0.9117647058823529 0 0 0 0 0
0.6176470588235294 0.7352941176470589 0.7647058823529411 0.5588235294117647 0.8529411764705882 0 0 0 0 0
0.7647058823529411 0.8823529411764706 0.7941176470588235 0.7352941176470589 0.9411764705882353 0 0 0 0 0
0.7058823529411765 0.7352941176470589 0.8823529411764706 0.6764705882352942 0.8235294117647058 0 0 0 0 0
0.7058823529411765 0.7941176470588235 0.8529411764705882 0.7647058823529411 0.7941176470588235 0 0 0 0 0
0.6470588235294118 0.7058823529411765 0.7941176470588235 0.9117647058823529 0.9117647058823529 0 0 0 0 0
0.38235294117647056 0.5588235294117647 0.7647058823529411 0.8529411764705882 0.9411764705882353 0 0 0 0 0

0.8888888888888888 0.6666666666666666 0.7777777777777778 0.6888888888888889 0.6444444444444445 0 0 0 0 0
0.6666666666666666 0.8222222222222222 0.6666666666666666 0.6666666666666666 0.8 0 0 0 0 0
0.6 0.5555555555555556 0.8222222222222222 0.6666666666666666 0.6888888888888889 0 0 0 0 0
0.6222222222222222 0.7777777777777778 0.7777777777777778 0.7777777777777778 0.7111111111111111 0 0 0 0 0
0.4444444444444444 0.6666666666666666 0.6666666666666666 0.6666666666666666 0.8 0 0 0 0 0
0.6888888888888889 0.6666666666666666 0.7111111111111111 0.6222222222222222 0.6666666666666666 0 0 0 0 0
0.5777777777777777 0.7333333333333333 0.6666666666666666 0.4888888888888889 0.6444444444444445 0 0 0 0 0
0.6444444444444445 0.6 0.7333333333333333 0.7333333333333333 0.7555555555555555 0 0 0 0 0
0.6888888888888889 0.6666666666666666 0.6666666666666666 0.6666666666666666 0.7777777777777778 0 0 0 0 0
0.7111111111111111 0.6666666666666666 0.8 0.7111111111111111 0.7333333333333333 0 0 0 0 0

0.9148936170212766 0.2765957446808511 0.3191489361702128 0.2978723404255319 0.2127659574468085 0 0 0 0 0
0.1276595744680851 0.3617021276595745 0.2765957446808511 0.46808510638297873 0.3829787234042553 0 0 0 0 0
0.23404255319148937 0.3191489361702128 0.6170212765957447 0.5106382978723404 0.48936170212765956 0 0 0 0 0
0.3404255319148936 0.5106382978723404 0.44680851063829785 0.5106382978723404 0.6382978723404256 0 0 0 0 0
0.06382978723404255 0.2127659574468085 0.2127659574468085 0.14893617021276595 0.5319148936170213 0 0 0 0 0
0.0425531914893617 0.3617021276595745 0.6170212765957447 0.14893617021276595 0.7446808510638298 0 0 0 0 0
0.2127659574468085 0.2553191489361702 0.44680851063829785 0.19148936170212766 0.2978723404255319 0 0 0 0 0
0.425531914893617 0.2765957446808511 0.5319148936170213 0.44680851063829785 0.3829787234042553 0 0 0 0 0
0.1276595744680851 0.6595744680851063 0.2553191489361702 0.3829787234042553 0.23404255319148937 0 0 0 0 0
0.3404255319148936 0.1702127659574468 0.2978723404255319 0.5957446808510638 0.48936170212765956 0 0 0 0 0

