0.37209302325581395 0.23255813953488372 0.2558139534883721 0.06976744186046512 0.13953488372093023 0 0 0 0 0
0.23255813953488372 0.5116279069767442 0.4186046511627907 0.32558139534883723 0.3488372093023256 0 0 0 0 0
0.23255813953488372 0.27906976744186046 0.3953488372093023 0.32558139534883723 0.3953488372093023 0 0 0 0 0
0.3488372093023256 0.3953488372093023 0.4883720930232558 0.6046511627906976 0.4186046511627907 0 0 0 0 0
0.06976744186046512 0.16279069767441862 0.3953488372093023 0.18604651162790697 0.4883720930232558 0 0 0 0 0
0.09302325581395349 0.13953488372093023 0.09302325581395349 0.18604651162790697 0.23255813953488372 0 0 0 0 0
0.11627906976744186 0.11627906976744186 0.4186046511627907 0.18604651162790697 0.3023255813953488 0 0 0 0 0
0.18604651162790697 0.3023255813953488 0.3488372093023256 0.4418604651162791 0.13953488372093023 0 0 0 0 0
0.32558139534883723 0.3488372093023256 0.3488372093023256 0.3488372093023256 0.5348837209302325 0 0 0 0 0
0.18604651162790697 0.3488372093023256 0.3488372093023256 0.5813953488372093 0.37209302325581395 0 0 0 0 0

0.41935483870967744 0.3225806451612903 0.5483870967741935 0.45161290322580644 0.3870967741935484 0 0 0 0 0
0.3870967741935484 0.4838709677419355 0.3548387096774194 0.4838709677419355 0.5483870967741935 0 0 0 0 0
0.41935483870967744 0.4838709677419355 0.4838709677419355 0.3548387096774194 0.41935483870967744 0 0 0 0 0
0.25806451612903225 0.5483870967741935 0.45161290322580644 0.6129032258064516 0.5161290322580645 0 0 0 0 0
0.41935483870967744 0.25806451612903225 0.3548387096774194 0.41935483870967744 0.5806451612903226 0 0 0 0 0
0.3548387096774194 0.22580645161290322 0.25806451612903225 0.3548387096774194 0.3548387096774194 0 0 0 0 0
0.1935483870967742 0.22580645161290322 0.5483870967741935 0.2903225806451613 0.45161290322580644 0 0 0 0 0
0.2903225806451613 0.22580645161290322 0.3870967741935484 0.3870967741935484 0.5161290322580645 0 0 0 0 0
0.3870967741935484 0.3870967741935484 0.5483870967741935 0.5483870967741935 0.4838709677419355 0 0 0 0 0
0.3870967741935484 0.6129032258064516 0.5483870967741935 0.41935483870967744 0.6129032258064516 0 0 0 0 0

0.5882352941176471 0.2647058823529412 0.5882352941176471 0.2647058823529412 0.5294117647058824 0 0 0 0 0
0.5294117647058824 0.6470588235294118 0.5 0.38235294117647056 0.5882352941176471 0 0 0 0 0
0.11764705882352941 0.5294117647058824 0.6470588235294118 0.29411764705882354 0.4411764705882353 0 0 0 0 0
0.2647058823529412 0.7058823529411765 0.8529411764705882 0.5882352941176471 0.6176470588235294 0 0 0 0 0
0.29411764705882354 0.4411764705882353 0.20588235294117646 0.23529411764705882 0.5588235294117647 0 0 0 0 0
0.11764705882352941 0.47058823529411764 0.4411764705882353 0.5588235294117647 0.7647058823529411 0 0 0 0 0
0.2647058823529412 0.23529411764705882 0.6176470588235294 0.4117647058823529 0.4117647058823529 0 0 0 0 0
0.3235294117647059 0.4117647058823529 0.6176470588235294 0.4117647058823529 0.6176470588235294 0 0 0 0 0
0.14705882352941177 0.47058823529411764 0.5 0.5 0.5294117647058824 0 0 0 0 0
0.35294117647058826 0.4117647058823529 0.4411764705882353 0.6470588235294118 0.5588235294117647 0 0 0 0 0

0.6 0.4222222222222222 0.5111111111111111 0.4444444444444444 0.4444444444444444 0 0 0 0 0
0.5333333333333333 0.6888888888888889 0.4888888888888889 0.6 0.5777777777777777 0 0 0 0 0
0.5555555555555556 0.28888888888888886 0.6 0.6444444444444445 0.35555555555555557 0 0 0 0 0
0.35555555555555557 0.4 0.4888888888888889 0.6666666666666666 0.6222222222222222 0 0 0 0 0
0.5555555555555556 0.08888888888888889 0.5777777777777777 0.5555555555555556 0.7111111111111111 0 0 0 0 0
0.4 0.4444444444444444 0.4666666666666667 0.37777777777777777 0.4888888888888889 0 0 0 0 0
0.3111111111111111 0.3333333333333333 0.7111111111111111 0.6 0.4888888888888889 0 0 0 0 0
0.4888888888888889 0.6888888888888889 0.6222222222222222 0.6 0.6444444444444445 0 0 0 0 0
0.3333333333333333 0.35555555555555557 0.5777777777777777 0.6 0.5777777777777777 0 0 0 0 0
0.6222222222222222 0.4 0.6222222222222222 0.6222222222222222 0.6222222222222222 0 0 0 0 0

0.10638297872340426 0.0851063829787234 0.1276595744680851 0.02127659574468085 0.0851063829787234 0 0 0 0 0
0.10638297872340426 0.02127659574468085 0.10638297872340426 0.06382978723404255 0.1702127659574468 0 0 0 0 0
0.1276595744680851 0.06382978723404255 0.19148936170212766 0.19148936170212766 0.14893617021276595 0 0 0 0 0
0.0 0.23404255319148937 0.23404255319148937 0.23404255319148937 0.10638297872340426 0 0 0 0 0
0.02127659574468085 0.06382978723404255 0.0425531914893617 0.06382978723404255 0.425531914893617 0 0 0 0 0
0.0425531914893617 0.14893617021276595 0.14893617021276595 0.1702127659574468 0.0851063829787234 0 0 0 0 0
0.0425531914893617 0.0851063829787234 0.10638297872340426 0.10638297872340426 0.1276595744680851 0 0 0 0 0
0.0425531914893617 0.1276595744680851 0.1276595744680851 0.0425531914893617 0.1276595744680851 0 0 0 0 0
0.02127659574468085 0.0 0.1702127659574468 0.14893617021276595 0.0425531914893617 0 0 0 0 0
0.02127659574468085 0.19148936170212766 0.1276595744680851 0.23404255319148937 0.1276595744680851 0 0 0 0 0