0.4186046511627907 0.5813953488372093 0.7441860465116279 0.5116279069767442 0 0 0 0 0 0
0.8837209302325582 0.8604651162790697 0.20930232558139536 0.6046511627906976 0 0 0 0 0 0
0.20930232558139536 0.23255813953488372 0.3488372093023256 0.37209302325581395 0 0 0 0 0 0
0.7441860465116279 0.7209302325581395 0.6744186046511628 0.7441860465116279 0 0 0 0 0 0
0.32558139534883723 0.4883720930232558 0.20930232558139536 0.5348837209302325 0 0 0 0 0 0
0.5813953488372093 0.627906976744186 0.6511627906976745 0.6976744186046512 0 0 0 0 0 0
0.6976744186046512 0.5116279069767442 0.8837209302325582 0.5116279069767442 0 0 0 0 0 0
0.6976744186046512 0.813953488372093 0.37209302325581395 0.7209302325581395 0 0 0 0 0 0
0.16279069767441862 0.4186046511627907 0.5813953488372093 0.3488372093023256 0 0 0 0 0 0
0.8837209302325582 0.8372093023255814 0.5348837209302325 0.7209302325581395 0 0 0 0 0 0

0.1935483870967742 0.3870967741935484 0.6451612903225806 0.45161290322580644 0 0 0 0 0 0
0.9032258064516129 0.8064516129032258 0.45161290322580644 0.6129032258064516 0 0 0 0 0 0
0.0 0.1935483870967742 0.3548387096774194 0.2903225806451613 0 0 0 0 0 0
0.8709677419354839 0.7741935483870968 0.7096774193548387 0.8387096774193549 0 0 0 0 0 0
0.6451612903225806 0.6129032258064516 0.41935483870967744 0.5483870967741935 0 0 0 0 0 0
0.5483870967741935 0.6451612903225806 0.7419354838709677 0.5806451612903226 0 0 0 0 0 0
0.7419354838709677 0.6774193548387096 0.8387096774193549 0.3548387096774194 0 0 0 0 0 0
0.7741935483870968 0.8064516129032258 0.4838709677419355 0.6129032258064516 0 0 0 0 0 0
0.25806451612903225 0.3870967741935484 0.6774193548387096 0.2903225806451613 0 0 0 0 0 0
0.9032258064516129 0.7741935483870968 0.5483870967741935 0.7096774193548387 0 0 0 0 0 0

0.7058823529411765 0.7647058823529411 0.8235294117647058 0.6470588235294118 0 0 0 0 0 0
0.9411764705882353 0.9411764705882353 0.5882352941176471 0.8823529411764706 0 0 0 0 0 0
0.029411764705882353 0.4411764705882353 0.6764705882352942 0.4117647058823529 0 0 0 0 0 0
0.9411764705882353 0.9117647058823529 0.7352941176470589 0.8529411764705882 0 0 0 0 0 0
0.6764705882352942 0.6176470588235294 0.5 0.7352941176470589 0 0 0 0 0 0
0.8235294117647058 0.7941176470588235 0.7941176470588235 0.8235294117647058 0 0 0 0 0 0
0.4411764705882353 0.5294117647058824 0.9705882352941176 0.6176470588235294 0 0 0 0 0 0
0.9411764705882353 0.9705882352941176 0.47058823529411764 0.7941176470588235 0 0 0 0 0 0
0.2647058823529412 0.7058823529411765 0.7058823529411765 0.17647058823529413 0 0 0 0 0 0
0.9411764705882353 0.7941176470588235 0.35294117647058826 0.8823529411764706 0 0 0 0 0 0

0.7111111111111111 0.6444444444444445 0.8222222222222222 0.7111111111111111 0 0 0 0 0 0
0.7777777777777778 0.8444444444444444 0.6222222222222222 0.8444444444444444 0 0 0 0 0 0
0.044444444444444446 0.5111111111111111 0.5777777777777777 0.5111111111111111 0 0 0 0 0 0
0.8222222222222222 0.8 0.7111111111111111 0.8 0 0 0 0 0 0
0.6888888888888889 0.5555555555555556 0.4888888888888889 0.6666666666666666 0 0 0 0 0 0
0.7111111111111111 0.7333333333333333 0.8444444444444444 0.7777777777777778 0 0 0 0 0 0
0.7555555555555555 0.4888888888888889 0.8 0.5555555555555556 0 0 0 0 0 0
0.7333333333333333 0.8444444444444444 0.5333333333333333 0.6666666666666666 0 0 0 0 0 0
0.3333333333333333 0.6666666666666666 0.6666666666666666 0.2222222222222222 0 0 0 0 0 0
0.8888888888888888 0.8222222222222222 0.7555555555555555 0.7555555555555555 0 0 0 0 0 0

0.1276595744680851 0.23404255319148937 0.48936170212765956 0.10638297872340426 0 0 0 0 0 0
0.7659574468085106 0.7021276595744681 0.06382978723404255 0.6170212765957447 0 0 0 0 0 0
0.0425531914893617 0.1702127659574468 0.0851063829787234 0.10638297872340426 0 0 0 0 0 0
0.5319148936170213 0.6382978723404256 0.2978723404255319 0.7659574468085106 0 0 0 0 0 0
0.1276595744680851 0.02127659574468085 0.0425531914893617 0.3404255319148936 0 0 0 0 0 0
0.44680851063829785 0.2553191489361702 0.3191489361702128 0.5106382978723404 0 0 0 0 0 0
0.02127659574468085 0.14893617021276595 0.8297872340425532 0.23404255319148937 0 0 0 0 0 0
0.6382978723404256 0.8085106382978723 0.1702127659574468 0.5531914893617021 0 0 0 0 0 0
0.02127659574468085 0.19148936170212766 0.3404255319148936 0.19148936170212766 0 0 0 0 0 0
0.8936170212765957 0.7659574468085106 0.23404255319148937 0.48936170212765956 0 0 0 0 0 0

