0.7209302325581395 0.46511627906976744 0.627906976744186 0.6511627906976745 0.3953488372093023 0.5116279069767442 0.627906976744186 0 0 0
0.4418604651162791 0.7209302325581395 0.6511627906976745 0.7209302325581395 0.4186046511627907 0.8372093023255814 0.7674418604651163 0 0 0
0.6511627906976745 0.2558139534883721 0.18604651162790697 0.32558139534883723 0.18604651162790697 0.3023255813953488 0.3953488372093023 0 0 0
0.5813953488372093 0.8372093023255814 0.8372093023255814 0.7209302325581395 0.7674418604651163 0.7441860465116279 0.8604651162790697 0 0 0
0.3488372093023256 0.32558139534883723 0.32558139534883723 0.7674418604651163 0.4418604651162791 0.6744186046511628 0.3488372093023256 0 0 0
0.7441860465116279 0.4883720930232558 0.3488372093023256 0.6511627906976745 0.7209302325581395 0.6046511627906976 0.3488372093023256 0 0 0
0.7674418604651163 0.46511627906976744 0.4883720930232558 0.3953488372093023 0.4883720930232558 0.37209302325581395 0.46511627906976744 0 0 0
0.3488372093023256 0.5581395348837209 0.627906976744186 0.7209302325581395 0.5581395348837209 0.8837209302325582 0.7906976744186046 0 0 0
0.9069767441860465 0.2558139534883721 0.5116279069767442 0.13953488372093023 0.2558139534883721 0.20930232558139536 0.37209302325581395 0 0 0
0.4883720930232558 0.7441860465116279 0.6976744186046512 0.6744186046511628 0.6976744186046512 0.8604651162790697 0.6976744186046512 0 0 0

0.6774193548387096 0.45161290322580644 0.4838709677419355 0.5806451612903226 0.45161290322580644 0.22580645161290322 0.41935483870967744 0 0 0
0.3225806451612903 0.7741935483870968 0.7419354838709677 0.8064516129032258 0.7419354838709677 0.8387096774193549 0.7096774193548387 0 0 0
0.6129032258064516 0.6451612903225806 0.25806451612903225 0.3870967741935484 0.16129032258064516 0.41935483870967744 0.3225806451612903 0 0 0
0.7096774193548387 0.9354838709677419 0.8709677419354839 0.8064516129032258 0.8064516129032258 0.7741935483870968 0.7741935483870968 0 0 0
0.4838709677419355 0.41935483870967744 0.4838709677419355 0.8709677419354839 0.4838709677419355 0.41935483870967744 0.5483870967741935 0 0 0
0.7419354838709677 0.7096774193548387 0.5806451612903226 0.6129032258064516 0.6774193548387096 0.6129032258064516 0.5806451612903226 0 0 0
0.7419354838709677 0.5161290322580645 0.4838709677419355 0.4838709677419355 0.5161290322580645 0.45161290322580644 0.7741935483870968 0 0 0
0.2903225806451613 0.7741935483870968 0.6451612903225806 0.8387096774193549 0.5806451612903226 0.8387096774193549 0.5483870967741935 0 0 0
0.9032258064516129 0.3870967741935484 0.3870967741935484 0.3870967741935484 0.3225806451612903 0.2903225806451613 0.3870967741935484 0 0 0
0.3225806451612903 0.6774193548387096 0.7096774193548387 0.8064516129032258 0.8064516129032258 0.7419354838709677 0.7096774193548387 0 0 0

0.7941176470588235 0.5588235294117647 0.6764705882352942 0.7941176470588235 0.6176470588235294 0.7352941176470589 0.8235294117647058 0 0 0
0.5882352941176471 0.9117647058823529 0.8823529411764706 0.8823529411764706 0.5588235294117647 0.8823529411764706 0.8823529411764706 0 0 0
0.7941176470588235 0.5588235294117647 0.029411764705882353 0.5294117647058824 0.5294117647058824 0.058823529411764705 0.23529411764705882 0 0 0
0.8235294117647058 0.9705882352941176 1.0 0.8823529411764706 0.8823529411764706 0.9705882352941176 0.9411764705882353 0 0 0
0.7352941176470589 0.47058823529411764 0.5 0.9705882352941176 0.5882352941176471 0.6470588235294118 0.7941176470588235 0 0 0
0.8823529411764706 0.5882352941176471 0.8235294117647058 0.8823529411764706 0.7647058823529411 0.8235294117647058 0.6764705882352942 0 0 0
0.8235294117647058 0.47058823529411764 0.5588235294117647 0.23529411764705882 0.7058823529411765 0.7058823529411765 0.6176470588235294 0 0 0
0.4117647058823529 0.8823529411764706 0.7941176470588235 0.9117647058823529 0.6176470588235294 0.9705882352941176 0.7058823529411765 0 0 0
0.9117647058823529 0.29411764705882354 0.35294117647058826 0.47058823529411764 0.7058823529411765 0.2647058823529412 0.47058823529411764 0 0 0
0.4411764705882353 0.7941176470588235 0.7058823529411765 0.8529411764705882 0.7352941176470589 0.9411764705882353 0.9411764705882353 0 0 0

0.8 0.6 0.6222222222222222 0.7333333333333333 0.6444444444444445 0.6222222222222222 0.6222222222222222 0 0 0
0.6 0.7777777777777778 0.8222222222222222 0.9111111111111111 0.7777777777777778 0.8666666666666667 0.8 0 0 0
0.7555555555555555 0.35555555555555557 0.4666666666666667 0.6444444444444445 0.6222222222222222 0.2 0.37777777777777777 0 0 0
0.7555555555555555 0.8444444444444444 0.8444444444444444 0.8666666666666667 0.8444444444444444 0.8222222222222222 0.8222222222222222 0 0 0
0.6888888888888889 0.6 0.4 0.8222222222222222 0.6222222222222222 0.6222222222222222 0.3333333333333333 0 0 0
0.7777777777777778 0.6666666666666666 0.7555555555555555 0.8 0.8222222222222222 0.8666666666666667 0.8222222222222222 0 0 0
0.8 0.6 0.6444444444444445 0.5333333333333333 0.5555555555555556 0.6444444444444445 0.5777777777777777 0 0 0
0.6444444444444445 0.6888888888888889 0.7777777777777778 0.7333333333333333 0.7333333333333333 0.8444444444444444 0.8222222222222222 0 0 0
0.8666666666666667 0.5333333333333333 0.6888888888888889 0.6444444444444445 0.5555555555555556 0.2 0.6222222222222222 0 0 0
0.4888888888888889 0.7555555555555555 0.7111111111111111 0.8222222222222222 0.7333333333333333 0.8666666666666667 0.8222222222222222 0 0 0

0.6382978723404256 0.2127659574468085 0.23404255319148937 0.2978723404255319 0.14893617021276595 0.23404255319148937 0.1702127659574468 0 0 0
0.06382978723404255 0.6382978723404256 0.48936170212765956 0.7021276595744681 0.3617021276595745 0.8297872340425532 0.48936170212765956 0 0 0
0.14893617021276595 0.02127659574468085 0.14893617021276595 0.10638297872340426 0.06382978723404255 0.0425531914893617 0.10638297872340426 0 0 0
0.2978723404255319 0.8297872340425532 0.8723404255319149 0.6382978723404256 0.574468085106383 0.48936170212765956 0.851063829787234 0 0 0
0.06382978723404255 0.1276595744680851 0.2127659574468085 0.8085106382978723 0.1702127659574468 0.1702127659574468 0.1276595744680851 0 0 0
0.6382978723404256 0.2127659574468085 0.2978723404255319 0.3617021276595745 0.3404255319148936 0.2765957446808511 0.14893617021276595 0 0 0
0.5957446808510638 0.10638297872340426 0.1276595744680851 0.14893617021276595 0.14893617021276595 0.40425531914893614 0.19148936170212766 0 0 0
0.2127659574468085 0.5531914893617021 0.425531914893617 0.3404255319148936 0.40425531914893614 0.851063829787234 0.3404255319148936 0 0 0
0.8936170212765957 0.0851063829787234 0.0425531914893617 0.06382978723404255 0.1276595744680851 0.14893617021276595 0.06382978723404255 0 0 0
0.2127659574468085 0.7659574468085106 0.6170212765957447 0.7446808510638298 0.7021276595744681 0.8085106382978723 0.574468085106383 0 0 0

